----(eil51)----
Fitness Score: 111.99, Total Cost: 626.32, Max Tour Cost: 134.50
Salesman 1: [1, 46, 17, 41, 40, 19, 42, 44, 15, 37, 12, 1]
Salesman 2: [1, 27, 14, 25, 24, 43, 7, 23, 48, 1]
Salesman 3: [1, 32, 1]
Salesman 4: [1, 29, 21, 34, 30, 39, 33, 45, 10, 5, 11, 1]
Salesman 5: [1, 38, 49, 9, 50, 16, 2, 1]
Salesman 6: [1, 6, 18, 13, 4, 47, 51, 1]
Salesman 7: [1, 22, 20, 35, 36, 3, 28, 31, 26, 8, 1]
----(eil51)----
Fitness Score: 109.66, Total Cost: 680.96, Max Tour Cost: 122.03
Salesman 1: [1, 2, 21, 29, 20, 35, 36, 3, 28, 31, 22, 1]
Salesman 2: [1, 48, 1]
Salesman 3: [1, 46, 37, 15, 45, 39, 38, 16, 1]
Salesman 4: [1, 27, 6, 14, 25, 13, 40, 4, 1]
Salesman 5: [1, 8, 26, 7, 43, 24, 23, 1]
Salesman 6: [1, 11, 9, 50, 34, 30, 10, 33, 49, 5, 32, 1]
Salesman 7: [1, 12, 17, 44, 42, 19, 41, 18, 47, 51, 1]
----()----